0 0 1 4 5 2 3 7 8 0 6 
6 1 1 4 5 2 3 7 8 6 0 
8 2 1 4 5 2 3 7 0 6 8 
6 1 1 4 5 2 3 7 6 0 8 
3 1 1 4 5 2 0 7 6 3 8 
4 1 1 0 5 2 4 7 6 3 8 
5 1 1 5 0 2 4 7 6 3 8 
4 3 1 5 4 2 0 7 6 3 8 
7 1 1 5 4 2 7 0 6 3 8 
4 1 1 5 0 2 7 4 6 3 8 
5 1 1 0 5 2 7 4 6 3 8 
1 1 0 1 5 2 7 4 6 3 8 
7 3 7 1 5 2 0 4 6 3 8 
2 1 7 1 5 0 2 4 6 3 8 
7 1 0 1 5 7 2 4 6 3 8 
1 1 1 0 5 7 2 4 6 3 8 
2 1 1 2 5 7 0 4 6 3 8 
3 1 1 2 5 7 3 4 6 0 8 
8 1 1 2 5 7 3 4 6 8 0 
5 2 1 2 0 7 3 4 6 8 5 
3 3 1 2 3 7 0 4 6 8 5 
4 1 1 2 3 7 4 0 6 8 5 
5 1 1 2 3 7 4 5 6 8 0 
6 2 1 2 3 7 4 5 0 8 6 
7 1 1 2 3 0 4 5 7 8 6 
4 1 1 2 3 4 0 5 7 8 6 
5 1 1 2 3 4 5 0 7 8 6 
6 1 1 2 3 4 5 6 7 8 0 
36 0.10925173759460449
